0.464
0.461
0.46
0.46
0.468
0.476
0.487
0.506
0.526
0.557
0.596
0.644
0.693
0.726
0.733
0.709
0.682
0.66
0.65
0.633
0.631
0.644
0.656
0.671
0.695
0.731
0.771
0.827
0.917
0.97
0.961
0.923
0.881
0.852
0.824
0.809
0.798
0.794
0.786
0.781
0.768
0.758
0.744
0.74
0.888
1.086
1.264
1.404
1.736
1.851
1.875
1.838
1.806
1.789
1.784
0.099
0.053
0.041
0.043
0.058
0.107
0.663
0.635
0.588
0.472
0.463
0.462
0.462
0.465
0.472
0.483
0.497
0.516
0.545
0.593
0.649
0.701
0.725
0.728
0.696
0.668
0.653
0.64
0.629
0.633
0.649
0.665
0.685
0.716
0.758
0.799
0.873
0.957
0.97
0.943
0.901
0.862
0.835
0.816
0.802
0.796
0.786
0.768
0.744
0.713
0.67
0.512
0.692
0.914
1.166
1.331
1.518
1.81
1.874
1.867
1.812
1.803
0.102
0.062
0.043
0.039
0.057
0.088
0.719
0.726
0.658
0.607
0.566
0.461
0.454
0.451
0.452
0.457
0.462
0.477
0.491
0.517
0.547
0.592
0.645
0.696
0.726
0.726
0.693
0.665
0.651
0.634
0.631
0.632
0.649
0.663
0.685
0.723
0.765
0.812
0.888
0.962
0.972
0.949
0.905
0.868
0.845
0.825
0.814
0.806
0.796
0.779
0.752
0.727
0.66
0.516
0.728
0.938
1.163
1.304
1.474
1.754
1.835
1.845
1.796
1.794
0.101
0.055
0.045
0.042
0.054
0.096
0.737
0.708
0.644
0.593
0.554
0.467
0.463
0.46
0.462
0.467
0.473
0.485
0.503
0.524
0.558
0.603
0.662
0.711
0.73
0.727
0.69
0.667
0.65
0.629
0.634
0.632
0.653
0.67
0.694
0.732
0.751
0.751
0.733
0.699
0.663
0.626
0.594
0.569
0.558
0.551
0.547
0.544
0.53
0.511
0.487
0.48
0.479
0.474
0.507
0.611
0.774
0.883
1.009
1.303
1.704
1.8
1.809
1.8
1.786
0.134
0.066
0.052
0.039
0.054
0.085
0.615
0.675
0.623
0.58
0.456
0.45
0.449
0.451
0.455
0.46
0.472
0.486
0.51
0.544
0.588
0.643
0.695
0.726
0.726
0.694
0.668
0.652
0.635
0.634
0.629
0.653
0.671
0.696
0.733
0.759
0.765
0.743
0.688
0.638
0.601
0.571
0.55
0.533
0.522
0.513
0.509
0.506
0.502
0.489
0.495
0.497
0.512
0.573
0.647
0.783
0.881
1.012
1.241
1.579
1.74
1.804
1.784
0.09
0.059
0.046
0.044
0.059
0.105
0.739
0.698
0.636
0.588
0.548
0.459
0.452
0.451
0.454
0.459
0.465
0.475
0.491
0.516
0.547
0.591
0.647
0.698
0.723
0.723
0.691
0.665
0.653
0.635
0.635
0.634
0.65
0.669
0.692
0.731
0.779
0.811
0.803
0.763
0.713
0.67
0.644
0.615
0.597
0.585
0.576
0.571
0.565
0.559
0.542
0.552
0.554
0.559
0.614
0.718
0.865
0.982
1.135
1.345
1.577
1.704
1.804
1.787
0.092
0.055
0.044
0.04
0.058
0.098
0.736
0.703
0.639
0.593
0.55
0.466
0.458
0.456
0.459
0.464
0.471
0.485
0.501
0.526
0.558
0.604
0.658
0.705
0.726
0.725
0.692
0.665
0.651
0.636
0.633
0.635
0.653
0.668
0.693
0.73
0.78
0.807
0.795
0.755
0.703
0.661
0.63
0.605
0.587
0.576
0.567
0.561
0.555
0.552
0.537
0.541
0.547
0.561
0.616
0.716
0.859
0.974
1.125
1.339
1.573
1.704
1.805
1.789
0.093
0.052
0.042
0.041
0.058
0.091
0.735
0.715
0.647
0.597
0.558
0.474
0.47
0.469
0.47
0.476
0.484
0.496
0.513
0.538
0.572
0.619
0.673
0.719
0.734
0.722
0.69
0.663
0.65
0.633
0.629
0.63
0.651
0.667
0.692
0.73
0.777
0.792
0.768
0.726
0.678
0.64
0.61
0.59
0.572
0.557
0.551
0.545
0.542
0.532
0.516
0.515
0.512
0.525
0.593
0.672
0.798
0.892
1.012
1.206
1.547
1.724
1.802
1.792
0.088
0.052
0.042
0.041
0.056
0.096
0.751
0.725
0.659
0.606
0.568
0.485
0.478
0.476
0.48
0.484
0.493
0.504
0.522
0.549
0.585
0.633
0.687
0.726
0.739
0.722
0.687
0.663
0.652
0.63
0.628
0.633
0.649
0.671
0.694
0.73
0.737
0.717
0.664
0.613
0.573
0.535
0.256
0.492
0.477
0.468
0.461
0.458
0.458
0.453
0.447
0.453
0.449
0.457
0.514
0.583
0.697
0.786
0.872
1.032
1.509
1.758
1.801
1.79
0.083
0.058
0.042
0.042
0.057
0.085
0.748
0.741
0.671
0.621
0.576
0.478
0.474
0.472
0.478
0.483
0.493
0.503
0.521
0.547
0.578
0.628
0.684
0.725
0.737
0.723
0.686
0.664
0.649
0.628
0.628
0.63
0.652
0.669
0.691
0.732
0.734
0.721
0.671
0.624
0.578
0.543
0.52
0.497
0.485
0.474
0.471
0.464
0.462
0.46
0.454
0.452
0.455
0.467
0.523
0.595
0.709
0.797
0.889
1.046
1.571
1.769
1.8
1.771
0.074
0.052
0.039
0.05
0.055
0.097
0.78
0.734
0.664
0.614
0.575
